--------------------------------------------------------------------------------
Virtual memory statistics
--------------------------------------------------------------------------------

[root@labans ~]# vmstat 1
procs -----------memory---------- ---swap-- -----io---- -system-- ------cpu-----
r  b   swpd   free   buff  cache   si   so    bi    bo   in   cs us sy id wa st
1  0      0 14233112   2120 1727676    0    0     0     0    0    0  0  0 100  0  0
0  0      0 14233112   2120 1727676    0    0     0     0   54   35  0  0 100  0  0
0  0      0 14233112   2120 1727676    0    0     0     0   23   21  0  0 100  0  0
0  0      0 14233112   2120 1727676    0    0     0     0   59   41  0  0 100  0  0
0  0      0 14233112   2120 1727676    0    0     0     0   23   19  0  0 100  0  0
0  0      0 14233112   2120 1727676    0    0     0     0   31   29  0  0 100  0  0
0  0      0 14233112   2120 1727676    0    0     0     0   27   25  0  0 100  0  0
0  0      0 14233112   2120 1727676    0    0     0     0   18   17  0  0 100  0  0

--------------------------------------------------------------------------------
System Activity reporter
--------------------------------------------------------------------------------
yum install -y sysstat

cambiar a 5 min el intervalo de tiempo

vi /etc/cron.d/sysstat
*/5 * * * * root /usr/lib64/sa/sa1 1 1

agregar va a reportar en formato 24hs

vi .bashrc
alias sar='LANG=C sar'
source .bashrc
--------------------------------------------------------------------------------
Estadisticas de I/O and transfer rate
--------------------------------------------------------------------------------
[root@host45 ~]# sar -b
Linux 3.10.0-862.14.4.el7.x86_64 (localhost.localdomain) 	11/12/18 	_x86_64_	(16 CPU)

19:43:59          LINUX RESTART

19:50:01          tps      rtps      wtps   bread/s   bwrtn/s
20:00:01         0,06      0,00      0,06      0,16      0,65
20:10:01         0,13      0,02      0,11      0,48      1,73
20:20:01         0,06      0,00      0,06      0,00      0,66
20:30:01         6,51      5,89      0,61    405,55     49,78
20:40:01         0,06      0,00      0,06      0,00      0,93
20:50:01         0,24      0,01      0,24      1,83      3,38
21:00:01         0,10      0,00      0,10      0,00      1,20
21:10:01         0,07      0,00      0,07      0,00      0,81
21:20:01         0,04      0,00      0,04      0,00      0,56
21:30:01         0,07      0,00      0,07      0,00      0,75
21:40:01         0,07      0,00      0,07      0,00      0,94
21:50:01         0,09      0,01      0,08      1,91      1,01
22:00:01         0,04      0,00      0,04      0,00      0,48
22:10:01         4,48      2,81      1,67    474,51    425,82
22:15:01         0,13      0,00      0,13      0,00      2,13
22:20:01         0,11      0,00      0,11      0,00      1,40
22:25:01         0,04      0,00      0,04      0,00      0,63
22:30:01         0,04      0,00      0,04      0,00      0,63
22:35:01         0,07      0,00      0,07      0,00      1,06
Average:         0,74      0,53      0,21     53,62     29,81

--------------------------------------------------------------------------------
Estadisticas de CPU 0
--------------------------------------------------------------------------------

[root@host45 ~]# sar -P 0
Linux 3.10.0-862.14.4.el7.x86_64 (localhost.localdomain) 	11/12/18 	_x86_64_	(16 CPU)

19:43:59          LINUX RESTART

19:50:01        CPU     %user     %nice   %system   %iowait    %steal     %idle
20:00:01          0      0,00      0,00      0,01      0,00      0,00     99,99
20:10:01          0      0,00      0,00      0,01      0,00      0,00     99,98
20:20:01          0      0,00      0,00      0,01      0,00      0,00     99,98
20:30:01          0      0,00      0,00      0,01      0,00      0,00     99,99
20:40:01          0      0,00      0,00      0,01      0,00      0,00     99,99
20:50:01          0      0,01      0,00      0,01      0,00      0,00     99,98
21:00:01          0      0,00      0,00      0,01      0,00      0,00     99,99
21:10:01          0      0,00      0,00      0,01      0,00      0,00     99,99
21:20:01          0      0,00      0,00      0,01      0,00      0,00     99,99
21:30:01          0      0,00      0,00      0,01      0,00      0,00     99,99
21:40:01          0      0,00      0,00      0,01      0,00      0,00     99,99
21:50:01          0      0,00      0,00      0,01      0,00      0,00     99,99
22:00:01          0      0,00      0,00      0,01      0,00      0,00     99,99
22:10:01          0      0,00      0,00      0,01      0,00      0,00     99,98
22:15:01          0      0,00      0,00      0,01      0,00      0,00     99,98
22:20:01          0      0,00      0,00      0,01      0,00      0,00     99,99
22:25:01          0      0,00      0,00      0,01      0,00      0,00     99,99
22:30:01          0      0,00      0,00      0,01      0,00      0,00     99,99
22:35:01          0      0,00      0,00      0,01      0,00      0,00     99,99
Average:          0      0,00      0,00      0,01      0,00      0,00     99,99

--------------------------------------------------------------------------------
Estadisticas de red
--------------------------------------------------------------------------------


[root@host45 ~]# sar -n DEV
Linux 3.10.0-862.14.4.el7.x86_64 (localhost.localdomain) 	11/12/18 	_x86_64_	(16 CPU)

19:43:59          LINUX RESTART

19:50:01        IFACE   rxpck/s   txpck/s    rxkB/s    txkB/s   rxcmp/s   txcmp/s  rxmcst/s
20:00:01    br-tenant      0,00      0,00      0,00      0,00      0,00      0,00      0,00
20:00:01       ens192      0,09      0,09      0,01      0,01      0,00      0,00      0,00
20:00:01       ens224      0,34      0,00      0,02      0,00      0,00      0,00      0,00
20:00:01    ovs-system      0,00      0,00      0,00      0,00      0,00      0,00      0,00
20:00:01    br-external      0,00      0,00      0,00      0,00      0,00      0,00      0,00
20:10:01    br-tenant      0,00      0,00      0,00      0,00      0,00      0,00      0,00
20:10:01       ens192      0,07      0,06      0,00      0,00      0,00      0,00      0,00
20:10:01       ens224      0,33      0,00      0,02      0,00      0,00      0,00      0,00
20:10:01    ovs-system      0,00      0,00      0,00      0,00      0,00      0,00      0,00
20:10:01    br-external      0,00      0,00      0,00      0,00      0,00      0,00      0,00
20:20:01    br-tenant      0,00      0,00      0,00      0,00      0,00      0,00      0,00
20:20:01       ens192      0,10      0,09      0,01      0,01      0,00      0,00      0,00
20:20:01       ens224      0,34      0,00      0,02      0,00      0,00      0,00      0,00
20:20:01    ovs-system      0,00      0,00      0,00      0,00      0,00      0,00      0,00
20:20:01    br-external      0,00      0,00      0,00      0,00      0,00      0,00      0,00
20:30:01    br-tenant      0,00      0,00      0,00      0,00      0,00      0,00      0,00
20:30:01       ens192      0,08      0,08      0,00      0,01      0,00      0,00      0,00
20:30:01       ens224      0,34      0,00      0,02      0,00      0,00      0,00      0,00
20:30:01    ovs-system      0,00      0,00      0,00      0,00      0,00      0,00      0,00
20:30:01    br-external      0,00      0,00      0,00      0,00      0,00      0,00      0,00
20:40:01    br-tenant      0,00      0,00      0,00      0,00      0,00      0,00      0,00
20:40:01       ens192      0,07      0,07      0,00      0,01      0,00      0,00      0,00
20:40:01       ens224      0,33      0,00      0,02      0,00      0,00      0,00      0,00
20:40:01    ovs-system      0,00      0,00      0,00      0,00      0,00      0,00      0,00
20:40:01    br-external      0,00      0,00      0,00      0,00      0,00      0,00      0,00
20:50:01    br-tenant      0,00      0,00      0,00      0,00      0,00      0,00      0,00
20:50:01       ens192      1,16      1,33      0,12      0,26      0,00      0,00      0,00
20:50:01       ens224      0,34      0,00      0,02      0,00      0,00      0,00      0,00
20:50:01    ovs-system      0,00      0,00      0,00      0,00      0,00      0,00      0,00
20:50:01    br-external      0,00      0,00      0,00      0,00      0,00      0,00      0,00
21:00:01    br-tenant      0,00      0,00      0,00      0,00      0,00      0,00      0,00
21:00:01       ens192      0,19      0,21      0,02      0,03      0,00      0,00      0,00
21:00:01       ens224      0,34      0,00      0,02      0,00      0,00      0,00      0,00
21:00:01    ovs-system      0,00      0,00      0,00      0,00      0,00      0,00      0,00
21:00:01    br-external      0,00      0,00      0,00      0,00      0,00      0,00      0,00
21:10:01    br-tenant      0,00      0,00      0,00      0,00      0,00      0,00      0,00
21:10:01       ens192      0,10      0,10      0,01      0,01      0,00      0,00      0,00
21:10:01       ens224      0,33      0,00      0,02      0,00      0,00      0,00      0,00
21:10:01    ovs-system      0,00      0,00      0,00      0,00      0,00      0,00      0,00
21:10:01    br-external      0,00      0,00      0,00      0,00      0,00      0,00      0,00
21:20:01    br-tenant      0,00      0,00      0,00      0,00      0,00      0,00      0,00
21:20:01       ens192      0,10      0,11      0,01      0,01      0,00      0,00      0,00
21:20:01       ens224      0,34      0,00      0,02      0,00      0,00      0,00      0,00
21:20:01    ovs-system      0,00      0,00      0,00      0,00      0,00      0,00      0,00
21:20:01    br-external      0,00      0,00      0,00      0,00      0,00      0,00      0,00
21:30:01    br-tenant      0,00      0,00      0,00      0,00      0,00      0,00      0,00
21:30:01       ens192      0,08      0,08      0,01      0,01      0,00      0,00      0,00
21:30:01       ens224      0,33      0,00      0,02      0,00      0,00      0,00      0,00
21:30:01    ovs-system      0,00      0,00      0,00      0,00      0,00      0,00      0,00
21:30:01    br-external      0,00      0,00      0,00      0,00      0,00      0,00      0,00
21:40:01    br-tenant      0,00      0,00      0,00      0,00      0,00      0,00      0,00
21:40:01       ens192      0,15      0,15      0,02      0,02      0,00      0,00      0,00
21:40:01       ens224      0,33      0,00      0,02      0,00      0,00      0,00      0,00
21:40:01    ovs-system      0,00      0,00      0,00      0,00      0,00      0,00      0,00
21:40:01    br-external      0,00      0,00      0,00      0,00      0,00      0,00      0,00

21:40:01        IFACE   rxpck/s   txpck/s    rxkB/s    txkB/s   rxcmp/s   txcmp/s  rxmcst/s
21:50:01    br-tenant      0,00      0,00      0,00      0,00      0,00      0,00      0,00
21:50:01       ens192      0,09      0,10      0,01      0,01      0,00      0,00      0,00
21:50:01       ens224      0,34      0,00      0,02      0,00      0,00      0,00      0,00
21:50:01    ovs-system      0,00      0,00      0,00      0,00      0,00      0,00      0,00
21:50:01    br-external      0,00      0,00      0,00      0,00      0,00      0,00      0,00
22:00:01    br-tenant      0,00      0,00      0,00      0,00      0,00      0,00      0,00
22:00:01       ens192      0,08      0,08      0,01      0,01      0,00      0,00      0,00
22:00:01       ens224      0,34      0,00      0,02      0,00      0,00      0,00      0,00
22:00:01    ovs-system      0,00      0,00      0,00      0,00      0,00      0,00      0,00
22:00:01    br-external      0,00      0,00      0,00      0,00      0,00      0,00      0,00
22:10:01    br-tenant      0,00      0,00      0,00      0,00      0,00      0,00      0,00
22:10:01       ens192     17,95      7,79     24,48      0,71      0,00      0,00      0,00
22:10:01       ens224      0,33      0,00      0,02      0,00      0,00      0,00      0,00
22:10:01    ovs-system      0,00      0,00      0,00      0,00      0,00      0,00      0,00
22:10:01    br-external      0,00      0,00      0,00      0,00      0,00      0,00      0,00
22:15:01    br-tenant      0,00      0,00      0,00      0,00      0,00      0,00      0,00
22:15:01       ens192      0,07      0,07      0,00      0,01      0,00      0,00      0,00
22:15:01       ens224      0,34      0,00      0,02      0,00      0,00      0,00      0,00
22:15:01    ovs-system      0,00      0,00      0,00      0,00      0,00      0,00      0,00
22:15:01    br-external      0,00      0,00      0,00      0,00      0,00      0,00      0,00
22:20:01    br-tenant      0,00      0,00      0,00      0,00      0,00      0,00      0,00
22:20:01       ens192      0,16      0,15      0,02      0,02      0,00      0,00      0,00
22:20:01       ens224      0,33      0,00      0,02      0,00      0,00      0,00      0,00
22:20:01    ovs-system      0,00      0,00      0,00      0,00      0,00      0,00      0,00
22:20:01    br-external      0,00      0,00      0,00      0,00      0,00      0,00      0,00
22:25:01    br-tenant      0,00      0,00      0,00      0,00      0,00      0,00      0,00
22:25:01       ens192      0,08      0,08      0,00      0,01      0,00      0,00      0,00
22:25:01       ens224      0,33      0,00      0,02      0,00      0,00      0,00      0,00
22:25:01    ovs-system      0,00      0,00      0,00      0,00      0,00      0,00      0,00
22:25:01    br-external      0,00      0,00      0,00      0,00      0,00      0,00      0,00
22:30:01    br-tenant      0,00      0,00      0,00      0,00      0,00      0,00      0,00
22:30:01       ens192      0,13      0,12      0,02      0,02      0,00      0,00      0,00
22:30:01       ens224      0,35      0,00      0,02      0,00      0,00      0,00      0,00
22:30:01    ovs-system      0,00      0,00      0,00      0,00      0,00      0,00      0,00
22:30:01    br-external      0,00      0,00      0,00      0,00      0,00      0,00      0,00
22:35:01    br-tenant      0,00      0,00      0,00      0,00      0,00      0,00      0,00
22:35:01       ens192      0,05      0,05      0,00      0,00      0,00      0,00      0,00
22:35:01       ens224      0,32      0,00      0,02      0,00      0,00      0,00      0,00
22:35:01    ovs-system      0,00      0,00      0,00      0,00      0,00      0,00      0,00
22:35:01    br-external      0,00      0,00      0,00      0,00      0,00      0,00      0,00
22:40:02    br-tenant      0,00      0,00      0,00      0,00      0,00      0,00      0,00
22:40:02       ens192      0,32      0,20      0,06      0,05      0,00      0,00      0,00
22:40:02       ens224      0,33      0,00      0,02      0,00      0,00      0,00      0,00
22:40:02    ovs-system      0,00      0,00      0,00      0,00      0,00      0,00      0,00
22:40:02    br-external      0,00      0,00      0,00      0,00      0,00      0,00      0,00
Average:    br-tenant      0,00      0,00      0,00      0,00      0,00      0,00      0,00
Average:       ens192      1,22      0,63      1,46      0,07      0,00      0,00      0,00
Average:       ens224      0,34      0,00      0,02      0,00      0,00      0,00      0,00
Average:    ovs-system      0,00      0,00      0,00      0,00      0,00      0,00      0,00
Average:    br-external      0,00      0,00      0,00      0,00      0,00      0,00      0,00



--------------------------------------------------------------------------------
Estadisticas de dispositivos (ej I/O disco)
--------------------------------------------------------------------------------

[root@host45 ~]# iostat -x sda
Linux 3.10.0-862.14.4.el7.x86_64 (host45.138-99-4.telmex.net.ar) 	11/12/18 	_x86_64_	(16 CPU)

avg-cpu:  %user   %nice %system %iowait  %steal   %idle
           0,02    0,00    0,02    0,01    0,00   99,96

Device:         rrqm/s   wrqm/s     r/s     w/s    rkB/s    wkB/s avgrq-sz avgqu-sz   await r_await w_await  svctm  %util
sda               0,01     0,05    1,03    0,25    41,34    15,46    89,18     0,00    2,90    2,77    3,41   1,15   0,15


--------------------------------------------------------------------------------
Estadisticas de dispositivos (ej cpu 0)
--------------------------------------------------------------------------------

[root@host45 ~]# mpstat -P 0
Linux 3.10.0-862.14.4.el7.x86_64 (host45.138-99-4.telmex.net.ar) 	11/12/18 	_x86_64_	(16 CPU)

22:46:44     CPU    %usr   %nice    %sys %iowait    %irq   %soft  %steal  %guest  %gnice   %idle
22:46:44       0    0,01    0,00    0,02    0,01    0,00    0,00    0,00    0,00    0,00   99,96
